budget:6000
alpha:0.30
vlow:0.148554
vup:0.148703
vgap: 0.001
iterations:3940
x[1]=1.000

strategy 1:
SG2: smms
	FAP: 0.05
	freq: 1 1/days

y[2]=0.000
y[47]=0.999

strategy 2:
AO: chopsf
	duration: 7 days
	freq: 1 1/days
	SF mass taken: 80.000 kg
strategy 47:
AO: trusol
	duration: 360 days
	freq: 1 1/days
	TRU mass taken: 0.800 kg

time:0.2478
calcPayoff calls: 2578

